model: gemini-2.5-pro
version: gemini-2.5-pro
sample: sample4
tokens: 1624
types: 709
zipf_b: -0.6407901839525801
zipf_r2: 0.8689135281488357
zci: 0.60669961293156
heaps_beta: 0.8083208367250274
heaps_r2: 0.9991493603134997
