model: gemini-2.5-pro
version: gemini-2.5-pro
sample: sample1
tokens: 1025
types: 715
zipf_b: -0.39946998203904177
zipf_r2: 0.7798845719924328
zci: 0.4277829351838152
heaps_beta: 0.8795847705777805
heaps_r2: 0.996893534932687
