model: gpt-4
version: gpt-4
sample: sample4
tokens: 323
types: 248
zipf_b: -0.35294010539980075
zipf_r2: 0.7353637626517429
zci: 0.3850238950223527
heaps_beta: 0.8885226647981727
heaps_r2: 0.9997133550883095
