model: human
version: essay
sample: vv
tokens: 1164
types: 817
zipf_b: -0.4088144500177632
zipf_r2: 0.7986446675132131
zci: 0.44218598554758054
heaps_beta: 0.8836019688610999
heaps_r2: 0.9995533731936025
